2274395552
2541211886
2886917510
433986581
1232763528
20652468
2253866445
2844189809
91852905
421322415
627698910
170526023
2828209716
574675560
2766227784
1128681613
339465480
2306904246
52689586
846523777
2305462572
781808034
2214655118
112724700
2654596438
1628856030
2808059420
2350338820
2231812386
1895736980
1925951528
2414711011
1076175828
1173326354
2335766946
2221343443
2591665413
2284039989
2831508562
2701874714
2652190212
2852610228
2778482297
956412756
2321665454
2805427639
940457744
2718760307
2787503879
124513685
2346760784
2821348600
2745794860
2824252159
1358450647
1048167620
483413836
1858732896
2573521249
703840032
2849900678
1406417526
2237982649
765063858
2810867441
2729932916
22598822
2772316690
772481131
2779269663
2817681622
2816509535
2158075512
2800989675
1626673398
2203039967
2847448472
15274836
2743088210
444351419
189770284
32149308
2828789161
2717557470
2790806362
2661953161
2792155960
2831649534
2689688568
2773704189
2765878425
2567783916
1424712247
2296996459
2800559076
1613830808
484665839
390175270
2801414390
2800772642
2764156803
2787485774
2787474126
2787554990
2787521582
2787486036
2787567085
