460324434
460324434
154479048
154479048
223604189
223604189
170612815
99722237
27072070
27072070
121096027
121096027
830455484
830455484
1693406474
1693406474
93180308
93180308
166840824
166840824
33962431
33962431
146546419
146546419
2484446486
2484446486
1499361558
1499361558
2396849426
1049514978
185625758
32149308
41337381
372245798
444351419
479860815
321368715
2221343443
2714657483
2717059059
2327216791
2403702579
462034551
174120993
42720113
52689586
169341930
207338382
211711841
505799071
1117544250
372242656
212055317
130682918
229375142
788956418
93419453
184646125
1027492279
1027574876
186099572
1118635530
287919273
1065057348
2718760307
2467763531
613000973
286124062
1093694244
328866404
1625700270
316460654
176493176
536380451
1037292222
133962846
884881532
2729073767
935293933
614203871
1291201922
